400 450 0 1
400 450 0 1
400 450 0 1
850 170 0 1
880 180 0 1
880 180 0 1
400 450 0 1
820 200 0 1
820 200 0 2
400 450 0 1
400 450 0 1
820 150 0 2
400 450 0 1
400 450 0 1
830 200 0 2
400 450 0 1
400 450 0 1
800 450 0 2
400 450 0 1
400 450 0 1
680 450 0 2
400 450 0 1
400 450 0 1
410 450 0 2
770 450 0 2
240 220 0 2
690 450 0 2
400 450 0 2
610 450 0 2
610 450 0 2
810 450 0 2
610 450 0 2
510 450 0 2
610 450 0 2
510 450 0 2
880 450 0 2
400 450 0 2
400 450 0 2
410 450 0 2
690 450 0 2
570 450 0 2
400 450 0 2
560 450 0 2
560 450 0 2
240 290 0 2
400 450 0 1
740 200 0 1
720 200 0 2
400 450 0 3
720 220 0 3
400 450 0 3
400 450 0 1
730 190 0 1
400 450 0 1
850 450 0 2
400 450 0 2
400 450 0 3
400 450 0 1
690 210 0 1
400 450 0 1
670 340 0 2
670 340 0 2
